56
sky_day_0a 0 0.000000 56.000000 1.000000 pfx_sunny
 2.258065 2.580645 1.612903  0.000000 0.000000 0.000000  0.078431 0.117647 0.196078  100.000000 4287406765
sky_day_0a 0 0.000000 56.000000 1.000000 pfx_sunny
 2.258065 2.580645 1.612903  0.000000 0.000000 0.000000  0.078431 0.117647 0.196078  100.000000 4287406765
sky_day_0b 0 0.000000 42.000000 0.700000 pfx_sunny
 3.870968 3.548387 1.774194  0.000000 0.000000 0.000000  0.156863 0.235294 0.392157  100.000000 4287406765
sky_day_0c 0 0.000000 55.000000 1.000000 pfx_sunny
 3.290323 3.258065 1.854839  0.000000 0.000000 0.000000  0.039216 0.137255 0.274510  100.000000 4287406765
sky_day_1a 16 0.000000 44.000000 1.000000 pfx_sunny
 2.741935 2.258065 1.451613  0.000000 0.000000 0.000000  0.117647 0.196078 0.196078  100.000000 4286289058
sky_day_1b 16 0.000000 48.000000 1.000000 pfx_sunny
 3.290323 3.258065 1.854839  0.000000 0.000000 0.000000  0.078431 0.137255 0.176471  100.000000 4287406765
sky_day_1c 16 0.000000 55.000000 0.700000 pfx_sunny
 3.483871 2.983871 1.887097  0.000000 0.000000 0.000000  0.356863 0.411765 0.450980  100.000000 4287406765
sky_day_1d 16 0.000000 58.000000 1.000000 pfx_sunny
 3.064516 2.741935 2.096774  0.000000 0.000000 0.000000  0.058824 0.117647 0.156863  100.000000 4283597982
sky_day_2a 32 0.000000 42.500000 0.500000 pfx_cloudy
 2.741935 2.419355 1.612903  0.000000 0.000000 0.000000  0.078431 0.117647 0.137255  5.000000 4286087820
sky_day_2b 32 0.000000 35.000000 0.400000 pfx_cloudy
 1.612903 1.451613 1.129032  0.000000 0.000000 0.000000  0.156863 0.156863 0.156863  40.000000 4288389255
sky_day_2c 32 0.000000 30.000000 0.900000 pfx_cloudy
 3.225806 2.822581 2.419355  0.000000 0.000000 0.000000  0.078431 0.098039 0.117647  300.000000 4285429890
sky_day_2d 32 0.000000 32.500000 0.300000 pfx_cloudy
 2.580645 2.258065 1.774194  0.000000 0.000000 0.000000  0.058824 0.078431 0.117647  900.000000 4287406765
sky_day_3a 48 0.000000 17.000000 0.300000 pfx_overcast
 1.451613 1.854839 1.854839  0.000000 0.000000 0.000000  0.039216 0.117647 0.117647  300.000000 4282140230
sky_day_3b 48 0.000000 42.500000 0.200000 pfx_overcast
 1.129032 1.774194 2.096774  0.000000 0.000000 0.000000  0.031373 0.137255 0.329412  300.000000 4286090390
sky_day_3c 48 0.000000 70.000000 0.000000 pfx_overcast
 1.451613 1.774194 1.774194  0.000000 0.000000 0.000000  0.031373 0.031373 0.031373  300.000000 4282795590
sky_day_3d 48 0.000000 80.000000 0.000000 pfx_overcast
 2.903226 2.741935 2.419355  0.000000 0.000000 0.000000  0.098039 0.117647 0.117647  300.000000 4287399800
sky_night_0a 2 0.000000 35.000000 0.200000 pfx_night
 0.000000 0.161290 0.645161  0.000000 0.000000 0.000000  0.000000 0.007843 0.031373  400.000000 4278191114
sky_night_1a 18 0.000000 35.000000 0.200000 pfx_night
 0.000000 0.129032 0.483871  0.000000 0.000000 0.000000  0.000000 0.007843 0.031373  400.000000 4278191114
sky_night_2a 34 0.000000 51.000000 0.300000 pfx_night
 0.016129 0.048387 0.112903  0.000000 0.000000 0.000000  0.000000 0.003922 0.015686  400.000000 4278191114
sky_night_3a 50 0.000000 51.000000 0.100000 pfx_night
 0.000000 0.080645 0.241935  0.000000 0.000000 0.000000  0.000000 0.007843 0.031373  400.000000 4278191114
sky_night_3b 50 0.000000 40.000000 0.100000 pfx_night
 0.000000 0.080645 0.241935  0.000000 0.000000 0.000000  0.000000 0.007843 0.031373  400.000000 4278191114
sky_dawn_0a 1 0.000000 4.000000 0.600000 pfx_sunset
 2.419355 0.322581 0.000000  0.000000 0.000000 0.000000  0.078431 0.039216 0.098039  50.000000 4284169278
sky_dawn_0b 1 0.000000 5.000000 0.600000 pfx_sunset
 3.870968 1.451613 0.645161  0.000000 0.000000 0.000000  0.137255 0.058824 0.156863  50.000000 4284169278
sky_dawn_1a 17 0.000000 10.000000 0.300000 pfx_sunset
 3.467742 1.129032 0.096774  0.000000 0.000000 0.000000  0.070588 0.098039 0.176471  50.000000 4284308325
sky_dawn_1b 17 0.000000 24.000000 0.900000 pfx_sunset
 2.096774 0.564516 0.161290  0.000000 0.000000 0.000000  0.070588 0.047059 0.082353  50.000000 4282786595
sky_dawn_2a 33 0.000000 10.000000 0.100000 pfx_sunset
 2.774194 0.951613 0.419355  0.000000 0.000000 0.000000  0.145098 0.070588 0.184314  50.000000 4284169278
sky_dawn_3a 49 0.000000 7.000000 0.100000 pfx_sunset
 1.290323 0.322581 0.000000  0.000000 0.000000 0.000000  0.039216 0.019608 0.019608  50.000000 4288711775
sky_dawn_3b 49 0.000000 5.000000 0.300000 pfx_sunset
 2.419355 0.564516 0.129032  0.000000 0.000000 0.000000  0.019608 0.019608 0.019608  50.000000 4284169278
sky_day_0a 536870912 0.000000 56.000000 1.000000 pfx_sunny
 2.258065 2.580645 1.612903  0.000000 0.000000 0.000000  0.078431 0.117647 0.196078  100.000000 4287406765
sky_day_0a 536870912 0.000000 56.000000 1.000000 pfx_sunny
 2.258065 2.580645 1.612903  0.000000 0.000000 0.000000  0.078431 0.117647 0.196078  100.000000 4287406765
sky_day_0b 536870912 0.000000 42.000000 0.700000 pfx_sunny
 3.870968 3.548387 1.774194  0.000000 0.000000 0.000000  0.156863 0.235294 0.392157  100.000000 4287406765
sky_day_0c 536870912 0.000000 55.000000 1.000000 pfx_sunny
 3.290323 3.258065 1.854839  0.000000 0.000000 0.000000  0.039216 0.137255 0.274510  100.000000 4287406765
sky_day_1a 536870928 0.000000 44.000000 1.000000 pfx_sunny
 2.741935 2.258065 1.451613  0.000000 0.000000 0.000000  0.117647 0.196078 0.196078  0.000000 4286289058
sky_day_1b 536870928 0.000000 48.000000 1.000000 pfx_sunny
 3.290323 3.258065 1.854839  0.000000 0.000000 0.000000  0.078431 0.137255 0.176471  100.000000 4287406765
sky_day_1c 536870928 0.000000 55.000000 0.700000 pfx_sunny
 3.483871 2.983871 1.887097  0.000000 0.000000 0.000000  0.356863 0.411765 0.450980  400.000000 4287406765
sky_day_1d 536870928 0.000000 58.000000 1.000000 pfx_sunny
 3.064516 2.741935 2.096774  0.000000 0.000000 0.000000  0.058824 0.117647 0.156863  999.000000 4283597982
sky_day_2a 536870944 0.000000 42.500000 0.500000 pfx_cloudy
 2.741935 2.419355 1.612903  0.000000 0.000000 0.000000  0.078431 0.117647 0.137255  5.000000 4286087820
sky_day_2b 536870944 0.000000 35.000000 0.400000 pfx_cloudy
 1.612903 1.451613 1.129032  0.000000 0.000000 0.000000  0.156863 0.156863 0.156863  40.000000 4288389255
sky_day_2c 536870944 0.000000 30.000000 0.900000 pfx_cloudy
 3.225806 2.822581 2.419355  0.000000 0.000000 0.000000  0.078431 0.098039 0.117647  300.000000 4285429890
sky_day_2d 536870944 0.000000 32.500000 0.300000 pfx_cloudy
 2.580645 2.258065 1.774194  0.000000 0.000000 0.000000  0.058824 0.078431 0.117647  900.000000 4287406765
sky_day_3a 536870960 0.000000 17.000000 0.300000 pfx_overcast
 1.451613 1.854839 1.854839  0.000000 0.000000 0.000000  0.039216 0.117647 0.117647  300.000000 4282140230
sky_day_3b 536870960 0.000000 42.500000 0.200000 pfx_overcast
 1.129032 1.774194 2.096774  0.000000 0.000000 0.000000  0.031373 0.137255 0.329412  300.000000 4286090390
sky_day_3c 536870960 0.000000 70.000000 0.000000 pfx_overcast
 1.451613 1.774194 1.774194  0.000000 0.000000 0.000000  0.031373 0.031373 0.031373  300.000000 4282795590
sky_day_3d 536870960 0.000000 80.000000 0.000000 pfx_overcast
 2.903226 2.741935 2.419355  0.000000 0.000000 0.000000  0.098039 0.117647 0.117647  300.000000 4287399800
sky_night_0a 536870914 0.000000 35.000000 0.200000 pfx_night
 0.000000 0.161290 0.645161  0.000000 0.000000 0.000000  0.000000 0.007843 0.031373  400.000000 4278191114
sky_night_1a 536870930 0.000000 35.000000 0.200000 pfx_night
 0.000000 0.129032 0.483871  0.000000 0.000000 0.000000  0.000000 0.007843 0.031373  400.000000 4278191114
sky_night_2a 536870946 0.000000 51.000000 0.300000 pfx_night
 0.016129 0.048387 0.112903  0.000000 0.000000 0.000000  0.000000 0.003922 0.015686  400.000000 4278191114
sky_night_3a 536870962 0.000000 51.000000 0.100000 pfx_night
 0.000000 0.080645 0.241935  0.000000 0.000000 0.000000  0.000000 0.007843 0.031373  400.000000 4278191114
sky_night_3b 536870962 0.000000 40.000000 0.100000 pfx_night
 0.000000 0.080645 0.241935  0.000000 0.000000 0.000000  0.000000 0.007843 0.031373  400.000000 4278191114
sky_dawn_0a 536870913 0.000000 4.000000 0.600000 pfx_sunset
 2.419355 0.322581 0.000000  0.000000 0.000000 0.000000  0.078431 0.039216 0.098039  50.000000 4284169278
sky_dawn_0b 536870913 0.000000 5.000000 0.600000 pfx_sunset
 3.870968 1.451613 0.645161  0.000000 0.000000 0.000000  0.137255 0.058824 0.156863  50.000000 4284169278
sky_dawn_1a 536870929 0.000000 10.000000 0.300000 pfx_sunset
 3.467742 1.129032 0.096774  0.000000 0.000000 0.000000  0.070588 0.098039 0.176471  50.000000 4284308325
sky_dawn_1b 536870929 0.000000 24.000000 0.900000 pfx_sunset
 2.096774 0.564516 0.161290  0.000000 0.000000 0.000000  0.070588 0.047059 0.082353  50.000000 4282786595
sky_dawn_2a 536870945 0.000000 10.000000 0.100000 pfx_sunset
 2.774194 0.951613 0.419355  0.000000 0.000000 0.000000  0.145098 0.070588 0.184314  50.000000 4284169278
sky_dawn_3a 536870961 0.000000 7.000000 0.100000 pfx_sunset
 1.290323 0.322581 0.000000  0.000000 0.000000 0.000000  0.039216 0.019608 0.019608  50.000000 4288711775
sky_dawn_3b 536870961 0.000000 5.000000 0.300000 pfx_sunset
 2.419355 0.564516 0.129032  0.000000 0.000000 0.000000  0.019608 0.019608 0.019608  50.000000 4284169278
